bestPath = [35 41 46 28 48 33 38 45 27 39 44 40 36 49 37 42 34 47 30 29 20 8 16 21 19 7 14 22 17 24 23 4 5 18 1 13 10 9 2 12 6 15 3 11 50 32 25 26 31 43];